844
330
308
125
870
733
679
764
764
291
622
614
264
510
600
522
637
981
389
998
703
398
991
435
304
833
447
30
66
132
996
691
590
883
554
812
871
364
549
522
338
590
156
504
549
909
553
481
62
788
32
982
925
192
162
839
334
27
138
785
693
27
641
900
241
989
714
882
916
901
948
313
918
699
418
179
311
787
372
846
919
20
494
358
1000
810
812
497
720
173
453
980
542
308
782
663
328
253
999
541
518
29
936
404
527
770
448
595
728
897
616
461
26
23
134
963
463
877
388
984
148
897
371
42
625
98
638
226
808
203
461
58
340
939
481
431
855
173
497
959
545
23
840
825
836
391
722
446
628
52
11
860
419
170
672
295
891
526
860
246
261
694
245
382
593
405
572
283
744
936
248
42
370
245
321
300
539
986
371
329
933
638
954
137
344
820
48
60
624
932
761
751
859
80
148
472
852
741
94
338
377
515
974
362
889
572
289
277
612
861
925
7
494
201
156
111
856
365
680
612
495
418
561
218
723
701
621
621
323
685
422
734
169
557
665
478
938
834
32
496
256
752
663
603
150
601
19
842
379
131
159
56
627
952
394
11
24
384
795
94
812
606
146
31
285
946
154
93
25
35
204
675
580
256
863
186
605
111
504
909
274
59
161
832
995
127
584
68
439
981
72
662
793
162
921
288
715
745
751
427
26
478
345
184
7
544
660
172
919
337
307
586
74
725
517
66
979
480
865
581
337
268
267
417
120
522
250
651
277
599
841
48
17
819
607
63
982
27
165
7
852
582
477
423
184
6
808
683
940
545
950
157
66
223
170
148
456
848
686
531
999
52
438
105
786
35
385
630
334
78
293
924
447
398
539
313
977
726
461
928
660
385
870
151
967
175
269
83
442
275
905
731
566
266
966
275
292
148
488
627
811
528
304
535
197
62
844
813
726
304
192
941
181
318
795
503
209
869
581
717
118
231
209
771
693
12
105
674
275
140
11
183
323
416
483
609
985
185
505
457
479
200
344
636
95
936
911
909
358
14
572
930
379
554
583
265
107
80
106
884
25
653
537
649
265
625
816
67
854
119
311
310
459
974
612
517
144
904
586
122
901
638
260
104
211
991
764
40
413
343
905
116
743
667
679
592
477
580
486
503
99
41
382
122
881
954
721
744
721
424
224
593
329
364
972
434
258
747
74
182
228
301
844
337
51
237
973
474
642
666
117
343
630
411
311
851
816
633
513
928
666
653
344
727
334
564
289
44
531
492
689
825
465
142
13
772
820
820
698
768
983
620
785
450
751
932
654
597
19
848
938
505
284
764
494
736
640
508
232
357
741
815
38
651
357
262
262
146
655
394
652
598
620
112
143
700
975
895
706
859
522
252
86
671
657
508
282
758
485
264
347
454
461
480
992
739
700
847
14
150
426
392
996
813
605
318
382
616
999
664
810
739
664
132
946
563
24
875
867
368
248
887
819
916
739
978
686
933
14
793
41
923
451
416
877
285
64
56
659
43
502
389
332
955
399
798
566
911
829
489
910
480
498
16
551
922
554
384
388
159
349
650
945
333
94
86
870
292
733
596
523
348
121
139
585
160
690
928
461
689
355
834
789
278
19
579
219
545
373
194
280
260
328
30
228
156
507
985
981
201
832
262
59
884
463
536
983
859
812
730
231
63
290
503
674
887
193
720
151
965
734
996
59
422
456
796
478
432
743
982
330
692
655
310
533
47
103
638
972
894
882
666
296
803
967
515
6
454
832
604
585
602
291
17
733
361
719
892
64
566
583
780
931
115
922
43
160
887
965
485
71
52
650
695
661
635
764
645
622
921
837
151
522
920
249
857
592
734
690
373
453
396
190
842
743
100
296
115
820
255
185
546
99
748
98
292
691
358
19
899
210
749
656
804
367
421
303
991
204
161
779
206
617
698
52
860
373
620
44
767
482
161
306
857
426
431
638
948
901
58
998
911
756
454
181
271
773
159
616
324
109
878
825
987
561
498
26
183
678
978
26
830
282
912
939
72
702
889
877
461
451
961
751
409
900
590
101
688
724
938
46
181
722
97
329
573
59
328
293
756
562
974
243
792
829
559
813
228
335
303
878
761
765
509
237
944
861
366
225
885
876
516
388
686
115
400
366
636
152
863
406
739
87
300
504
588
806
255
302
872
980
45
230
10
423
478
442
833
357
316
295
952
466
436
895
230
705
301
70
924
338
475
611
469
7
43
148
425
741
285
876
213
890
901
240
907
402
947
294
47
765
179
63
296
687
544
362
733
480
31
487
217
698
733
662
924
74
433
516
897
268
279
327
721
738
633
852
367
13
436
237
31
82
947
30
85
656
196
284
83
362
200
549
641
799
55
156
868
268
538
236
425
97
303
50
216
370
849
840
812
483
476
214
439
353
620
168
398
698
279
567
226
588
462
40
185
922
712
390
942
492
650
387
871
48
228
444
345
563
67
633
588
162
496
94
894
855
819
30
662
79
507
74
180
9
214
868
457
582
202
374
206
747
399
976
473
217
72
112
452
874
693
945
46
424
562
55
693
202
444
445
507
632
482
947
191
652
524
115
198
893
328
754
229
824
969
768
98
712
38
352
184
802
272
820
341
724
1000
303
414
646
477
346
937
535
960
405
38
112
23
286
144
746
552
828
963
76
323
222
910
220
178
682
839
881
919
833
957
144
968
912
398
577
348
581
378
396
99
239
222
784
256
428
867
619
921
354
367
893
336
746
106
69
696
919
294
664
39
781
829
688
755
142
671
86
597
20
442
943
939
924
766
276
997
997
493
859
256
360
149
945
202
445
840
656
88
123
625
366
677
34
292
284
778
768
241
810
872
936
341
13
293
853
300
898
273
751
526
149
685
305
812
565
214
391
512
326
971
830
44
592
557
939
616
863
600
82
416
416
406
773
630
621
598
643
12
323
997
347
301
303
26
912
671
284
564
572
522
276
810
130
726
229
366
997
331
30
584
73
413
70
548
533
521
76
335
664
790
941
320
821
724
640
799
532
603
739
731
282
558
482
630
37
722
295
107
841
209
959
532
388
650
17
351
927
133
934
729
570
887
326
991
465
559
526
168
777
315
113
370
194
638
661
862
905
514
802
932
586
405
986
25
357
898
699
586
459
360
59
110
425
478
552
395
146
738
858
474
483
986
28
350
255
967
844
350
21
263
48
388
414
274
238
685
240
42
470
444
174
726
730
992
525
209
799
240
920
473
36
277
320
534
538
391
637
259
985
359
489
453
373
837
274
472
539
243
145
840
739
927
519
598
697
708
373
223
453
487
523
732
251
324
24
576
653
343
564
170
771
102
584
117
290
594
605
548
265
909
361
429
326
141
928
765
327
789
239
744
222
175
475
496
100
20
300
655
922
554
216
119
489
162
393
943
819
322
93
755
773
355
131
312
691
481
361
226
837
86
567
157
568
974
611
46
895
820
139
628
629
631
988
545
551
261
759
930
209
586
737
316
773
174
559
805
361
566
268
20
908
40
344
541
735
262
360
181
127
621
670
486
887
392
466
392
151
256
53
4
833
761
820
267
969
302
383
303
987
672
671
602
828
582
214
729
466
398
706
763
401
68
113
536
985
110
603
163
650
319
517
850
579
300
716
437
123
71
308
261
749
612
245
217
300
141
867
26
347
507
984
986
523
267
991
110
192
29
864
818
886
840
183
364
930
239
362
118
336
237
376
548
954
673
984
296
206
321
647
494
180
341
339
488
908
852
6
246
525
115
349
585
227
540
500
895
815
271
637
267
955
487
174
435
665
182
98
232
164
480
627
757
350
549
701
971
510
668
376
626
640
778
307
149
715
914
218
244
696
612
600
981
446
38
530
500
844
827
374
748
987
965
875
921
64
770
91
244
569
941
548
102
174
734
178
534
446
654
853
489
330
782
868
657
3
702
500
251
517
47
382
170
59
119
36
517
719
614
567
680
230
727
288
783
89
403
482
761
345
484
236
193
11
454
44
553
203
271
469
782
957
156
264
520
71
529
708
694
927
941
294
752
445
922
395
892
563
887
787
116
814
613
215
138
797
293
443
517
426
176
802
664
702
33
752
278
732
289
141
432
363
947
276
110
106
454
379
978
784
5
463
948
483
771
122
340
906
277
356
62
848
672
652
523
799
585
276
597
313
603
703
926
785
340
407
118
500
117
800
857
470
681
418
266
144
255
242
943
434
267
168
938
13
254
167
909
127
163
116
521
346
799
351
946
522
338
748
26
684
542
683
307
49
52
470
592
695
304
798
152
431
336
774
566
426
558
200
202
483
93
592
785
953
731
173
621
520
657
196
493
818
647
833
130
958
102
798
652
628
968
702
969
701
115
823
185
182
442
594
725
67
648
938
788
211
719
538
729
660
506
961
49
795
467
665
442
270
18
691
345
755
387
866
351
325
371
105
152
665
851
323
133
131
72
11
752
623
469
558
745
937
460
854
636
780
333
376
578
867
694
581
103
147
771
786
149
202
460
860
59
373
271
850
893
887
144
760
494
68
240
625
93
802
792
466
166
895
495
130
216
689
467
668
422
274
221
179
560
392
125
62
637
145
692
183
23
683
136
718
337
417
323
599
105
683
327
436
956
58
347
799
250
541
59
853
248
130
407
472
631
448
437
46
367
416
827
322
629
240
161
99
308
194
869
475
256
860
303
238
704
927
546
35
516
275
84
416
833
83
205
445
1000
546
726
900
889
348
50
911
562
533
911
602
293
52
588
141
947
100
900
941
621
368
685
396
633
603
193
556
447
813
982
628
352
385
805
358
138
578
938
543
220
961
653
554
56
962
200
106
749
103
549
567
55
23
380
598
721
78
985
216
809
59
318
425
605
345
283
646
774
486
682
323
167
687
383
326
518
152
440
928
418
177
604
893
714
813
712
248
606
388
523
433
151
178
852
320
735
149
461
901
77
718
203
617
772
754
228
530
74
963
924
330
584
248
988
131
360
944
242
987
691
303
75
330
301
682
204
672
568
874
204
182
785
407
695
186
223
36
584
450
200
386
743
295
368
712
303
338
1
761
582
244
521
10
583
522
667
441
403
94
741
421
668
330
469
254
506
176
611
527
923
402
18
430
131
778
966
362
62
459
74
625
122
851
443
816
244
24
65
746
920
78
550
302
797
421
161
550
851
309
205
685
522
819
491
945
335
874
276
464
664
558
523
99
985
129
765
680
250
394
520
424
811
999
173
454
130
552
14
440
784
503
476
759
381
100
727
650
174
632
182
458
640
177
68
98
931
300
291
8
585
288
188
583
397
666
504
260
900
883
917
495
177
9
926
611
922
91
322
317
608
699
891
623
289
646
666
39
162
475
816
139
855
625
205
624
319
614
266
290
473
613
75
922
949
280
93
305
123
494
908
299
997
522
707
73
112
628
692
612
667
391
558
908
730
607
886
303
323
593
87
716
342
162
638
861
700
762
236
76
270
924
22
463
220
117
993
559
805
659
384
591
861
622
797
442
169
57
737
802
357
747
370
853
171
239
429
412
833
625
80
920
525
4
17
47
903
477
984
640
902
16
444
755
896
689
411
670
259
221
400
198
986
81
355
282
599
431
432
419
911
256
43
893
662
840
487
414
408
2
333
418
164
581
619
149
364
899
424
489
977
67
189
147
736
869
599
155
99
758
939
312
499
923
841
944
906
947
891
971
514
168
708
919
545
711
373
832
241
56
481
806
17
601
508
26
95
758
789
930
470
901
537
52
957
820
219
569
697
268
773
64
845
653
231
278
111
394
574
712
498
769
585
935
202
53
971
414
893
794
248
779
169
990
913
752
425
385
476
281
336
42
960
299
472
869
888
898
180
486
346
33
513
118
248
22
379
213
861
548
468
511
886
610
655
586
261
228
216
981
984
478
636
452
327
450
337
487
39
307
740
596
186
196
90
526
132
284
814
827
528
316
560
433
981
582
862
722
184
635
979
79
368
435
102
70
421
250
141
215
698
946
812
613
415
466
518
487
481
845
229
907
217
363
315
276
907
505
413
847
89
768
794
124
266
955
824
824
300
540
707
346
80
368
540
868
143
37
519
259
805
483
88
963
774
270
428
173
48
135
210
609
483
539
612
799
396
829
53
248
712
351
294
25
202
565
655
139
244
918
747
677
551
932
265
839
526
968
90
82
325
698
377
42
974
280
116
17
8
870
692
36
775
484
167
541
808
504
739
849
408
275
263
527
451
396
870
181
136
996
12
323
568
191
81
22
792
465
372
476
292
199
235
499
854
892
739
11
994
610
918
360
548
19
952
597
262
825
581
288
632
898
262
980
506
804
488
701
907
526
555
79
864
89
264
262
278
588
673
737
830
987
586
754
976
341
143
196
558
659
256
962
565
232
918
488
573
232
423
44
238
52
186
632
109
920
637
382
98
731
20
288
357
455
640
538
549
572
102
671
517
140
188
561
597
741
876
35
555
699
380
235
340
135
976
80
234
166
894
8
274
661
198
494
976
118
427
622
472
599
531
536
556
448
938
151
859
227
175
720
756
254
342
928
546
319
15
840
319
855
747
860
148
684
963
508
863
147
216
891
121
722
184
401
831
143
741
17
252
843
706
698
267
567
601
207
675
566
970
580
285
306
286
588
934
42
948
432
666
84
578
733
484
664
906
155
349
443
184
673
694
196
269
210
819
819
955
6
430
580
478
723
448
328
936
97
785
653
880
137
8
640
607
492
955
246
403
776
295
670
55
401
590
618
613
65
819
648
820
575
349
593
979
537
229
736
986
261
457
724
830
73
137
830
141
694
12
671
426
243
39
920
77
967
299
420
308
247
122
831
784
111
959
812
562
515
131
240
209
349
905
972
999
957
793
731
946
968
6
138
557
386
46
635
887
758
13
242
332
549
490
338
416
294
263
762
628
381
233
941
78
45
916
148
423
815
617
967
706
451
302
884
548
969
545
278
44
500
907
785
720
45
545
693
784
818
626
106
240
245
310
282
360
639
141
650
631
407
129
276
649
533
296
697
690
867
717
933
513
812
243
31
64
595
295
378
993
342
870
119
402
453
930
916
896
117
513
389
364
649
572
334
445
94
90
731
460
497
348
842
191
914
986
486
647
323
532
5
315
602
678
662
548
935
754
603
304
266
339
105
905
60
115
67
558
829
563
749
2
430
56
603
900
566
860
259
790
113
757
817
993
328
615
797
817
333
266
769
664
918
885
291
74
546
625
511
792
92
329
370
880
436
182
958
289
902
251
146
517
395
266
877
174
506
900
126
665
2
556
232
660
158
913
476
887
740
670
235
556
274
477
623
291
449
142
437
282
107
251
192
263
958
886
917
681
442
135
794
483
957
157
647
40
569
345
83
90
198
321
408
952
827
248
606
89
819
187
688
831
39
144
267
868
384
162
899
969
115
487
288
426
251
57
656
987
824
877
399
341
437
112
791
437
417
457
640
101
107
334
490
113
904
562
676
122
530
794
456
965
667
337
625
679
368
358
411
995
175
155
377
603
662
452
555
545
688
270
605
151
54
318
108
360
585
159
61
291
819
980
918
808
564
920
479
42
757
516
738
510
17
980
700
471
996
429
321
937
286
694
168
36
875
381
185
205
494
343
272
701
852
326
333
119
729
429
914
977
715
928
389
28
670
733
278
917
1
77
793
166
325
27
377
228
412
653
738
440
456
957
218
601
735
394
963
280
312
200
44
828
148
52
498
18
809
431
251
493
2
307
79
33
531
519
453
263
206
374
408
735
944
315
714
586
576
493
923
519
237
923
297
310
798
826
864
16
212
26
629
427
343
318
563
689
454
362
517
502
356
472
122
495
760
864
105
480
193
913
172
578
838
83
374
871
100
439
633
416
373
370
649
296
593
576
200
834
662
768
239
181
945
290
148
248
956
931
284
180
632
122
368
591
268
100
419
883
915
681
47
432
477
960
551
11
468
656
787
724
631
57
99
427
530
644
798
330
384
506
204
668
183
476
448
799
694
782
11
456
794
486
583
333
144
885
956
147
186
883
419
863
528
542
424
935
425
760
961
698
813
443
486
42
173
873
661
695
355
12
880
131
956
799
874
768
617
466
225
785
167
908
730
740
270
686
251
562
241
809
990
603
588
99
347
418
876
15
360
154
545
697
677
135
576
457
411
506
774
846
181
776
279
529
595
345
151
554
809
1
856
527
103
40
993
1
620
982
456
937
170
218
782
528
636
389
175
97
275
675
556
676
632
386
556
124
146
926
76
919
808
410
113
696
338
107
644
684
848
125
287
226
991
421
428
222
277
730
590
423
99
50
800
568
505
92
203
588
154
478
424
957
454
239
169
123
552
136
341
356
979
139
251
194
441
571
875
892
577
524
776
613
594
456
490
471
271
219
522
635
435
758
84
85
219
869
453
304
315
381
791
579
325
185
537
685
376
535
896
304
479
395
242
218
15
844
375
13
955
624
741
98
693
781
953
443
423
42
449
700
887
832
971
287
33
817
288
785
595
101
57
587
175
261
973
902
751
822
718
21
618
767
706
967
516
770
495
407
727
546
372
394
931
4
353
119
183
657
945
6
602
560
236
796
945
314
371
607
305
868
442
328
421
823
490
282
482
724
263
408
227
471
578
114
967
561
779
910
766
294
672
897
324
569
237
539
62
969
304
359
905
642
334
796
780
111
665
558
664
175
42
626
140
88
482
969
792
486
656
629
679
818
260
316
366
813
54
452
185
469
901
237
996
561
186
794
230
548
829
448
17
142
648
649
891
819
815
401
517
872
101
747
584
626
792
645
316
326
967
389
412
296
658
569
78
891
256
50
737
103
598
657
293
674
516
793
612
650
974
563
698
134
558
75
262
711
806
686
973
779
111
170
506
859
979
645
879
182
964
14
217
535
770
67
604
619
663
452
593
764
930
665
264
364
552
473
414
219
633
338
388
538
399
227
147
222
940
575
929
28
516
8
496
458
778
771
554
250
17
338
657
806
242
289
697
500
510
167
526
538
909
298
452
670
531
176
548
592
766
84
187
974
228
985
313
243
329
571
982
625
56
532
24
356
631
366
241
341
727
45
978
333
241
242
266
482
622
12
327
131
691
955
489
503
178
959
273
331
237
851
893
207
95
380
300
564
690
933
917
745
804
973
193
290
54
704
836
874
784
190
839
304
63
751
132
604
596
720
125
677
780
13
352
474
280
86
751
163
1
350
524
568
958
608
596
70
757
730
327
355
300
6
384
273
977
281
493
368
489
981
992
310
340
936
468
341
672
246
619
997
736
742
339
788
940
815
662
758
779
190
980
370
21
660
411
248
566
796
945
352
826
924
598
869
67
952
986
504
434
976
433
99
178
288
798
335
596
454
58
286
505
895
887
309
500
187
687
453
892
821
136
483
123
641
932
430
376
339
890
676
433
469
600
97
447
529
177
93
992
342
110
333
743
302
703
617
706
696
781
767
861
414
810
46
135
312
652
598
65
952
625
415
898
375
353
24
8
822
585
750
944
555
749
267
512
588
283
26
855
878
856
856
701
443
242
510
837
103
913
977
472
716
412
922
14
682
871
156
30
980
902
788
91
885
177
371
853
718
944
597
873
920
910
638
337
932
939
815
646
35
779
450
51
503
970
702
792
516
514
299
143
509
444
282
850
312
467
144
407
650
872
88
966
68
233
421
79
775
392
47
420
388
860
791
153
642
635
252
628
891
67
838
136
423
682
356
703
578
826
409
560
360
791
155
638
83
665
325
381
648
853
15
775
32
83
80
537
621
310
672
414
651
283
265
966
635
282
65
615
872
937
175
220
939
701
198
895
247
203
12
117
594
41
690
260
561
808
495
454
812
903
187
40
708
220
552
998
407
945
95
661
316
749
694
996
22
236
19
7
902
566
468
458
431
986
118
810
179
452
230
460
675
888
620
825
245
882
347
528
763
859
393
137
925
832
133
814
979
804
303
725
814
23
371
43
828
90
90
475
596
734
414
326
63
278
503
167
926
433
874
369
415
518
61
873
370
687
316
123
848
42
175
450
894
750
418
509
676
781
847
634
89
704
815
347
55
53
691
609
705
756
463
581
899
968
285
722
909
44
498
248
160
100
747
605
470
793
663
528
248
371
784
197
357
980
939
209
807
621
408
672
267
266
808
62
224
606
663
299
12
439
355
452
5
200
553
76
951
885
518
480
888
154
518
523
652
342
600
417
807
306
441
54
878
521
303
935
90
771
423
541
680
481
21
461
463
301
51
323
68
678
511
886
314
56
654
490
477
893
566
999
348
999
898
538
133
919
20
319
100
763
423
990
291
389
598
24
22
63
977
721
42
296
265
985
472
776
762
691
489
587
195
729
391
856
961
178
555
256
778
278
267
815
62
819
160
947
863
773
551
91
902
915
942
692
347
255
233
79
228
658
779
615
436
26
933
572
27
672
756
350
249
712
477
11
702
673
244
613
576
182
314
100
560
584
825
280
190
449
252
161
277
687
711
680
443
166
665
294
278
797
171
926
284
345
743
893
290
382
996
232
470
24
690
93
466
503
582
958
17
32
341
118
107
481
487
842
191
888
227
85
298
142
612
110
561
693
63
722
597
776
832
728
791
873
737
217
103
151
791
76
647
422
939
655
238
478
664
128
428
106
893
478
37
554
636
425
138
259
880
959
937
973
756
867
709
295
358
736
134
471
923
627
211
983
180
801
427
758
581
449
924
537
525
404
675
265
483
490
557
153
68
388
744
587
573
226
342
280
376
403
453
768
97
312
606
218
669
335
837
450
79
907
220
535
537
379
883
883
700
125
536
734
199
635
570
310
485
684
429
729
664
808
923
865
732
696
287
144
233
485
185
323
660
969
698
768
470
549
910
731
304
370
413
11
41
581
528
925
17
56
691
434
795
905
181
737
102
248
39
244
155
301
441
448
652
938
142
194
427
5
787
890
932
363
365
673
885
969
163
487
841
49
154
476
838
800
980
777
789
499
876
967
125
668
215
320
517
325
349
589
24
540
180
38
865
618
100
178
463
134
675
773
783
444
711
962
821
360
541
966
422
831
997
799
252
107
764
271
354
862
83
949
135
903
638
391
283
992
647
410
248
314
747
109
402
812
787
735
310
413
353
542
757
156
370
416
474
491
421
523
747
916
808
489
919
810
193
936
452
63
406
872
487
129
859
280
491
909
733
512
487
230
698
314
231
266
602
566
274
144
912
65
67
314
373
196
865
25
727
627
285
625
840
794
475
989
802
923
845
830
534
333
260
676
428
180
636
579
776
848
83
121
140
751
239
233
840
351
865
909
447
363
806
102
936
801
825
305
1000
358
556
553
815
954
995
683
802
195
241
842
778
369
750
42
655
83
465
946
12
954
151
754
332
27
698
864
849
532
216
874
782
258
481
222
212
9
798
865
559
947
483
853
469
926
292
753
684
400
104
131
170
208
640
980
488
250
346
82
461
370
662
453
298
614
480
473
581
280
188
727
611
206
509
789
439
285
395
491
821
124
402
770
597
341
247
581
399
754
98
56
813
654
372
620
75
237
212
515
38
457
364
412
314
597
433
468
505
717
353
840
68
1000
978
115
320
825
191
341
546
751
271
556
120
506
469
380
184
324
380
90
122
931
910
43
55
863
318
80
137
691
214
199
489
572
721
745
305
270
700
259
258
643
142
341
241
941
887
167
285
167
873
100
377
883
586
582
973
647
810
961
715
640
82
660
925
761
922
270
429
131
970
770
906
166
545
227
145
177
654
571
697
973
220
529
151
536
15
410
628
489
128
506
45
949
381
573
590
621
314
206
632
769
550
193
368
689
752
767
12
353
873
781
496
857
397
837
667
299
717
456
83
995
111
21
622
305
558
696
93
791
180
483
120
389
340
93
153
441
122
514
891
968
823
154
387
733
262
143
233
16
620
756
172
917
389
456
919
431
970
889
194
934
762
404
689
762
436
281
141
330
204
838
346
401
815
183
626
951
938
675
604
562
849
492
59
485
200
808
684
291
54
574
852
970
867
783
535
871
429
899
908
922
726
760
895
561
641
68
792
383
778
210
350
972
285
267
785
63
960
579
190
399
197
690
975
207
481
143
775
527
225
146
66
917
353
690
336
675
539
542
828
58
442
246
32
99
256
369
244
191
746
806
910
578
301
380
702
109
551
290
581
508
814
669
515
244
413
491
441
18
904
258
863
539
93
747
209
884
61
692
503
199
513
235
749
902
514
981
974
754
595
189
740
492
444
61
801
884
923
649
263
412
548
321
724
641
737
308
564
866
6
667
912
594
910
885
587
66
752
653
779
212
860
663
628
301
791
739
165
876
963
793
910
1000
548
258
119
900
253
5
507
122
682
151
330
878
898
942
149
662
72
438
722
164
960
955
835
786
68
671
682
895
221
486
136
206
30
474
489
840
519
813
921
103
735
81
255
88
910
692
55
785
265
853
305
714
626
651
669
415
972
898
150
288
29
405
161
759
244
866
460
797
80
339
321
399
461
500
67
551
140
207
175
726
432
331
896
591
402
680
236
921
457
781
281
834
662
486
820
609
748
232
2
932
80
901
543
403
181
701
361
33
246
154
113
373
219
575
903
168
699
183
686
316
836
746
2
441
653
114
139
681
282
770
96
540
326
691
248
438
391
214
585
844
530
324
193
148
589
779
532
405
939
799
395
143
651
454
298
818
239
911
437
144
321
668
643
716
918
854
615
778
829
922
463
454
894
324
542
891
581
577
931
619
492
508
612
433
408
336
37
150
532
337
312
739
213
315
734
977
296
118
497
826
584
777
784
538
879
579
345
372
574
193
585
926
14
139
402
684
869
45
106
212
788
7
798
173
373
249
198
97
747
674
822
345
991
459
495
939
629
226
948
796
742
244
652
824
891
82
765
701
190
91
227
455
167
463
316
954
594
716
96
5
499
229
392
318
137
236
317
137
330
730
455
46
354
520
439
518
520
66
607
386
376
70
227
953
715
686
550
614
902
755
78
482
599
820
451
23
598
763
800
417
152
514
587
492
505
804
721
507
899
597
564
167
179
798
871
684
444
339
568
1
943
459
133
223
20
688
615
491
196
718
593
955
587
363
718
220
664
203
526
596
221
683
415
49
351
793
591
227
428
96
633
387
383
83
648
154
580
194
591
35
931
519
734
835
748
592
876
640
997
194
856
232
706
124
268
516
90
63
206
981
363
730
399
357
977
179
106
66
437
485
652
902
75
678
110
753
256
755
221
451
300
197
204
961
312
782
867
402
624
352
359
227
233
31
270
6
177
244
175
662
338
456
629
653
20
854
58
768
675
275
583
844
595
338
1
407
905
953
195
880
581
591
638
521
243
660
466
256
378
413
858
278
334
457
131
599
333
305
853
482
232
237
572
243
173
794
164
38
53
645
177
356
219
780
936
206
170
22
443
923
418
341
14
103
478
803
667
794
454
158
275
87
833
161
350
209
42
331
474
600
132
475
262
17
44
31
358
121
85
871
371
517
692
85
615
139
730
8
554
309
975
47
518
657
34
254
545
918
882
665
911
165
790
416
282
84
423
393
760
896
914
891
476
880
718
831
139
361
47
419
266
660
127
910
557
254
521
167
562
646
478
849
954
290
373
443
915
713
988
191
702
260
940
688
532
823
584
940
765
770
55
609
775
308
658
85
819
153
312
227
67
945
250
488
179
397
25
413
649
156
36
941
227
633
589
470
242
585
731
627
898
867
97
902
158
660
85
993
304
365
726
395
33
776
628
9
165
520
188
728
758
625
136
240
842
344
210
632
851
540
361
730
3
41
506
781
759
195
413
530
312
50
54
22
873
1
500
775
680
876
591
176
311
837
796
502
718
74
778
741
377
736
830
852
484
179
847
486
517
850
514
177
214
837
82
795
443
633
422
50
699
459
697
399
764
231
978
516
444
555
169
768
866
407
961
647
499
680
720
233
888
966
136
473
353
334
245
571
594
767
568
108
365
839
182
71
237
789
635
380
527
902
228
737
187
456
557
266
254
10
813
128
961
770
980
963
412
771
202
791
725
227
915
173
638
718
77
951
440
853
957
606
596
495
622
566
834
570
598
285
758
990
386
281
738
600
150
549
209
599
352
758
179
325
975
611
610
433
591
995
336
777
117
349
890
206
566
907
249
132
670
652
714
20
939
577
168
352
441
98
98
575
152
51
463
491
781
67
534
277
609
876
202
751
957
799
547
447
41
436
394
207
660
257
473
956
274
619
674
179
439
837
654
457
644
697
555
658
702
699
217
808
899
561
483
870
493
239
909
816
863
234
625
782
566
795
239
64
358
509
484
853
507
200
351
390
478
912
661
807
231
45
89
614
919
68
774
111
769
384
857
341
562
51
897
358
807
923
711
104
252
429
243
798
162
358
865
433
750
711
488
971
221
47
202
271
293
803
504
584
430
234
946
879
397
511
809
11
256
675
605
78
794
797
859
140
93
425
967
6
158
947
585
81
536
823
92
174
764
971
873
966
299
941
136
173
189
624
763
714
215
220
738
106
176
924
921
82
826
766
635
966
726
106
650
609
30
475
954
76
449
743
447
527
709
889
365
736
295
668
248
294
248
698
896
257
150
463
439
570
108
395
871
370
595
499
541
602
959
571
482
551
766
919
72
865
370
370
40
346
586
952
489
305
709
346
644
732
744
928
668
47
29
613
306
238
643
989
570
793
323
25
624
546
814
988
987
564
720
9
514
840
734
847
12
922
494
963
46
731
854
785
278
623
540
128
79
31
263
358
730
426
390
611
182
158
652
92
253
557
236
583
685
308
702
395
526
307
748
903
684
421
804
906
745
437
502
130
358
444
854
123
576
511
834
764
738
607
866
671
478
305
590
62
298
405
954
847
474
325
14
979
285
534
76
549
625
427
840
988
384
391
863
137
428
107
260
433
790
79
224
1
610
59
180
960
749
878
600
532
444
701
347
749
281
2
414
745
493
385
913
369
932
707
803
101
841
456
945
999
117
267
750
969
326
201
127
499
879
362
138
227
585
571
913
506
128
171
553
605
209
228
983
414
822
814
707
316
211
114
683
724
928
115
447
387
730
74
316
254
915
654
647
796
973
849
89
443
524
364
811
420
37
695
436
642
396
419
383
715
563
253
528
786
855
732
830
818
258
400
447
657
592
453
759
444
243
414
600
45
102
152
245
783
924
188
890
744
574
276
531
542
353
456
65
402
206
642
438
926
490
618
186
139
968
575
771
198
932
579
682
251
177
318
322
195
838
808
496
998
757
393
366
196
909
634
690
78
324
666
493
513
997
165
884
731
808
310
496
737
340
279
975
70
961
681
717
324
514
277
4
635
709
645
121
858
400
810
992
579
985
167
183
714
435
457
210
232
964
528
806
64
141
375
68
740
731
13
528
723
746
672
962
701
434
29
786
194
721
113
92
900
204
88
402
371
217
661
327
56
873
826
81
666
140
346
882
205
385
866
629
966
260
637
881
941
825
458
536
827
688
640
885
960
896
767
614
385
638
924
169
678
533
42
302
428
721
64
914
842
572
474
138
189
846
831
836
287
959
277
5
949
906
355
493
206
428
993
215
166
757
389
328
983
537
359
102
982
922
337
625
450
436
92
449
388
481
190
526
984
454
180
529
107
80
349
420
740
353
275
401
571
596
329
613
792
882
985
828
924
405
414
853
257
434
332
944
751
814
457
654
477
744
240
274
947
314
38
170
849
697
921
202
961
766
41
308
829
702
564
970
811
453
560
366
479
971
146
847
85
380
951
417
376
257
601
68
509
811
696
529
156
335
338
785
675
735
416
26
321
517
51
999
999
147
556
721
263
448
936
316
741
311
207
425
998
171
288
252
214
310
707
323
277
254
148
724
550
475
796
404
635
474
39
855
166
214
356
670
717
223
422
762
204
856
59
968
57
143
799
715
642
812
193
119
932
351
809
802
680
213
317
832
771
813
151
995
3
347
16
94
840
537
700
935
655
312
313
418
734
762
263
275
605
591
690
857
338
789
17
558
90
630
393
172
540
721
262
816
971
129
925
534
356
841
57
178
587
316
504
862
20
726
17
907
237
138
493
86
615
355
765
91
290
819
83
603
55
635
898
879
38
812
297
1000
107
791
102
546
913
62
182
191
435
902
630
541
405
888
296
431
752
660
93
682
586
96
669
404
586
444
255
434
831
511
840
712
513
623
581
691
822
427
487
361
106
675
959
784
820
958
600
676
919
736
33
621
786
790
151
624
864
844
291
116
260
295
437
386
102
442
506
310
299
304
65
52
582
780
390
525
132
520
738
600
511
231
645
492
46
111
416
73
199
604
999
187
275
167
484
395
497
340
179
30
382
344
869
731
601
500
798
506
973
269
271
462
203
774
798
625
864
373
85
308
65
485
629
278
920
956
630
49
486
655
761
373
386
277
236
776
621
587
891
266
46
114
793
843
79
602
937
641
623
426
225
889
191
887
477
265
705
396
221
100
527
629
959
919
999
834
870
887
130
862
891
301
959
886
931
783
828
508
863
135
919
244
761
394
424
146
856
75
49
558
789
420
654
461
851
116
170
168
117
333
961
55
670
12
45
257
548
315
996
734
236
92
965
724
515
510
130
233
507
132
303
281
934
462
77
417
794
330
672
604
463
140
951
637
883
373
781
960
814
56
74
536
97
240
33
698
416
890
886
838
110
666
353
829
788
896
859
899
432
595
677
539
611
69
280
108
692
46
728
412
785
948
458
735
646
384
334
970
365
227
853
504
849
68
891
381
465
497
835
320
318
835
152
323
149
273
903
125
104
375
566
437
651
831
462
782
25
857
628
266
584
697
872
761
95
219
886
412
172
101
25
840
887
633
930
437
178
724
196
692
382
204
536
582
582
15
241
167
743
247
345
129
385
705
514
340
712
489
568
157
991
584
163
649
679
715
857
591
149
576
991
465
697
634
897
428
376
305
533
878
249
110
178
576
260
386
773
807
88
42
689
697
942
939
134
396
326
443
497
307
391
256
97
331
544
550
92
300
65
192
781
448
987
276
84
26
998
113
951
898
566
931
951
534
244
550
56
799
298
71
192
587
732
419
455
590
614
376
580
88
735
581
17
427
843
154
608
891
564
259
760
88
475
382
590
960
598
671
714
660
910
569
764
384
715
416
934
731
91
662
949
463
427
998
960
32
381
144
510
966
608
997
402
940
901
982
381
206
598
829
790
705
959
911
737
44
794
716
87
203
274
38
934
572
42
71
669
249
440
191
591
334
93
653
579
397
777
314
668
476
60
760
883
166
639
937
129
443
213
843
268
860
382
592
953
595
515
554
573
101
436
23
808
755
114
760
253
196
260
912
133
337
709
466
508
246
165
445
698
91
674
608
666
159
521
574
390
814
709
300
361
395
364
556
280
911
153
407
385
805
904
246
371
62
107
965
586
404
674
527
511
722
799
930
468
734
808
269
492
764
434
44
54
889
81
928
28
291
487
650
898
881
76
379
735
986
264
881
419
120
78
342
694
201
67
257
577
710
629
822
606
182
402
533
965
498
734
899
542
488
653
677
369
388
72
314
616
837
648
884
182
687
376
911
69
28
442
145
260
676
855
485
32
946
691
818
120
649
629
352
226
202
826
424
834
72
865
139
575
726
858
177
11
156
243
581
14
70
301
610
965
496
539
85
591
484
422
34
98
775
404
883
546
476
467
947
848
353
243
679
492
516
75
579
606
48
868
233
318
327
206
250
977
57
396
853
265
640
959
35
905
470
699
531
735
116
776
967
204
827
176
876
748
460
91
385
662
705
939
733
101
968
327
323
761
594
783
264
987
14
799
249
56
78
540
386
764
986
359
529
434
7
451
74
404
222
367
405
140
371
901
569
172
897
693
340
441
52
106
949
255
120
703
640
465
900
862
544
406
318
449
738
170
867
665
442
920
179
815
119
771
347
94
56
340
574
402
674
483
973
568
801
411
103
475
223
448
540
206
941
924
853
136
555
350
292
976
828
275
830
508
744
467
32
784
550
979
147
835
315
405
127
639
132
682
168
157
985
8
295
180
671
997
674
981
657
4
551
549
738
633
940
255
529
359
447
628
357
168
673
967
183
815
929
2
227
880
544
217
271
473
751
651
662
469
754
411
509
209
227
995
359
464
121
248
984
644
261
568
911
684
689
358
213
791
293
541
392
30
568
715
50
601
886
705
792
517
77
151
712
925
655
548
916
510
343
668
936
917
77
91
953
57
437
220
921
771
698
654
645
207
307
897
754
496
33
995
18
47
204
484
418
373
319
215
892
618
272
32
940
944
906
792
850
390
958
855
626
616
795
715
38
608
356
728
359
965
701
452
708
314
265
695
220
988
69
418
871
146
823
859
378
507
911
259
112
16
522
592
456
991
237
453
992
429
746
269
337
806
625
235
948
991
303
850
68
875
844
1000
109
90
555
648
255
103
584
319
330
311
290
228
737
79
591
379
300
884
780
921
886
362
279
381
830
458
912
111
212
232
120
24
789
108
968
631
616
111
578
883
633
705
268
818
348
357
608
809
515
544
494
457
78
785
378
457
664
477
955
266
310
951
27
55
974
544
794
800
941
87
735
543
133
16
633
940
806
791
548
303
332
643
566
532
624
518
323
