HPC2,HPC,4,48.0,19,3,1
HPC1,HPC,1,48.0,24,3,1
HPC3,HPC,1,10.0,2,1,1
HPC2,HPC,16,48.0,3,3,24
HPC3,HPC,1,48.0,0,4,1
HPC2,QC1,16,10.0,16,3,1
HPC3,HPC,1,48.0,3,4,1
HPC2,QC2,1,48.0,3,2,1
HPC3,HPC,8,5.0,14,1,1
HPC3,QC1,1,5.0,11,1,1
HPC1,HPC,8,48.0,17,4,1
HPC2,HPC,64,5.0,3,1,1
HPC1,HPC,2,1.5,8,2,1
HPC3,HPC,32,48.0,4,2,1
HPC3,HPC,16,5.0,5,2,1
HPC1,HPC,4,5.0,10,2,1
HPC1,HPC,2,48.0,4,2,1
HPC1,HPC,8,5.0,19,3,1
HPC1,QC1,1,5.0,1,1,1
HPC1,HPC,1,48.0,0,2,6
HPC1,HPC,8,48.0,3,1,1
HPC1,HPC,2,5.0,7,1,1
HPC1,QC2,32,5.0,21,4,1
HPC3,HPC,8,1.5,12,5,1
HPC3,HPC,4,5.0,21,2,1
HPC3,HPC,2,10.0,12,3,1
HPC1,HPC,8,48.0,6,5,1
HPC1,QC2,1,48.0,0,4,36
HPC1,HPC,1,1.5,17,4,1
HPC2,HPC,2,5.0,23,4,1
HPC1,HPC,1,48.0,1,4,1
HPC1,HPC,1,5.0,20,5,1
HPC3,HPC,4,10.0,5,2,1
HPC2,HPC,1,27.0,8,4,18
HPC3,HPC,1,48.0,8,3,1
HPC2,HPC,4,5.0,8,4,1
HPC1,HPC,1,5.0,7,1,1
HPC3,HPC,1,48.0,10,3,1
HPC3,HPC,8,10.0,22,5,1
HPC3,HPC,16,5.0,3,5,1
HPC1,HPC,4,48.0,24,3,1
HPC3,HPC,128,10.0,23,2,1
HPC3,QC2,4,30.0,15,4,6
HPC2,HPC,4,48.0,3,2,1
HPC2,HPC,1,10.0,14,2,1
HPC3,HPC,1,10.0,22,4,1
HPC1,HPC,1,10.0,5,5,1
HPC1,HPC,2,48.0,21,4,1
HPC2,HPC,4,10.0,21,2,1
HPC2,HPC,256,2.0,6,1,1
HPC3,HPC,1,48.0,22,4,1
HPC1,HPC,16,48.0,10,1,1
HPC1,HPC,8,1.0,2,1,1
HPC1,HPC,8,1.5,19,3,1
HPC1,HPC,1,48.0,11,5,1
HPC2,HPC,16,48.0,10,1,1
HPC3,HPC,2,48.0,22,3,1
HPC1,HPC,1,48.0,14,3,1
HPC1,HPC,1,1.5,19,2,1
HPC1,HPC,1,10.0,18,1,1
HPC1,HPC,1,10.0,10,5,1
HPC1,HPC,1,1.5,17,4,1
HPC2,HPC,1,1.0,8,2,1
HPC3,HPC,16,48.0,8,2,1
HPC2,HPC,1,48.0,15,4,6
HPC3,QC2,1,10.0,22,2,1
HPC2,HPC,1,10.0,11,2,1
HPC2,HPC,128,48.0,14,5,1
HPC3,HPC,16,10.0,21,3,1
HPC2,HPC,1,10.0,5,2,1
HPC3,HPC,1,5.0,5,4,1
HPC2,HPC,2,10.0,17,4,1
HPC1,HPC,8,5.0,13,5,1
HPC1,HPC,32,5.0,13,5,1
HPC2,QC1,2,10.0,10,3,1
HPC2,HPC,1,10.0,20,5,1
HPC1,HPC,1,5.0,15,1,1
HPC1,HPC,1,48.0,3,4,12
HPC3,HPC,8,48.0,22,1,1
HPC2,HPC,1,5.0,16,2,1
HPC2,HPC,256,5.0,5,1,1
HPC1,HPC,2,48.0,4,3,1
HPC3,HPC,16,30.0,23,3,6
HPC3,HPC,8,5.0,20,1,1
HPC1,HPC,4,48.0,24,2,12
HPC1,HPC,256,5.0,9,3,1
HPC3,HPC,1,48.0,17,4,1
HPC1,QC2,1,5.0,2,1,1
HPC1,HPC,1,48.0,11,4,24
HPC1,HPC,1,2.0,7,5,1
HPC3,HPC,1,48.0,21,1,1
HPC3,HPC,1,48.0,11,2,1
HPC1,HPC,1,10.0,2,2,1
HPC2,HPC,4,5.0,21,5,1
HPC1,HPC,1,5.0,4,1,1
HPC1,QC1,2,48.0,17,4,1
HPC2,HPC,128,48.0,20,4,1
HPC1,HPC,8,48.0,17,3,1
HPC3,HPC,16,48.0,18,2,6
HPC1,HPC,1,5.0,21,3,1
HPC3,HPC,1,48.0,7,3,1
HPC1,HPC,1,48.0,15,3,1
HPC3,HPC,32,10.0,1,2,1
HPC2,HPC,1,48.0,1,4,1
HPC1,QC2,1,10.0,5,1,1
HPC1,QC2,128,10.0,4,5,1
HPC1,HPC,2,2.0,21,1,1
HPC2,HPC,1,48.0,24,4,1
HPC1,HPC,4,48.0,1,4,1
HPC2,HPC,1,48.0,2,3,1
HPC2,HPC,1,5.0,22,2,1
HPC1,HPC,1,5.0,21,1,1
HPC3,HPC,8,12.0,19,2,6
HPC3,HPC,8,1.5,11,5,1
HPC2,HPC,2,48.0,12,1,1
HPC3,HPC,1,10.0,8,5,1
HPC2,HPC,4,10.0,13,1,1
HPC2,QC2,1,48.0,1,5,1
HPC2,HPC,1,48.0,6,2,1
HPC1,QC1,1,5.0,16,2,1
HPC1,HPC,8,10.0,4,3,1
HPC3,HPC,1,1.0,16,4,1
HPC3,HPC,2,48.0,0,4,1
HPC2,HPC,8,10.0,17,1,1
HPC3,HPC,1,48.0,13,4,6
HPC1,HPC,1,5.0,12,4,1
HPC2,HPC,128,10.0,19,4,1
HPC1,HPC,128,48.0,5,3,1
HPC2,HPC,8,48.0,3,1,6
HPC2,HPC,16,30.0,18,3,6
HPC1,HPC,1,48.0,3,2,1
HPC3,HPC,8,48.0,13,3,1
HPC1,HPC,1,48.0,15,1,1
HPC3,HPC,128,48.0,14,2,1
HPC2,HPC,8,5.0,21,4,1
HPC2,HPC,8,10.0,0,1,1
HPC1,HPC,2,10.0,2,1,1
HPC3,HPC,1,48.0,21,2,6
HPC2,HPC,256,1.5,15,2,1
HPC3,HPC,1,48.0,2,3,1
HPC3,HPC,1,48.0,13,5,1
HPC1,HPC,128,48.0,19,2,1
HPC2,HPC,1,10.0,19,5,1
HPC2,HPC,1,5.0,19,4,1
HPC3,QC1,2,48.0,8,5,1
HPC2,HPC,16,10.0,9,4,1
HPC2,HPC,1,48.0,14,5,48
HPC3,HPC,1,48.0,0,1,1
HPC1,HPC,16,10.0,21,5,1
HPC1,HPC,1,1.5,13,3,1
HPC2,HPC,1,48.0,15,2,1
HPC3,QC1,1,5.0,16,5,1
HPC2,HPC,1,30.0,16,3,6
HPC3,HPC,32,10.0,2,3,1
HPC2,QC1,4,10.0,9,1,1
HPC1,HPC,1,5.0,4,3,1
HPC1,HPC,32,2.0,17,2,1
HPC2,HPC,16,10.0,24,4,1
HPC2,HPC,1,5.0,17,3,1
HPC3,HPC,8,5.0,10,4,1
HPC1,HPC,1,5.0,1,3,1
HPC3,HPC,4,48.0,23,4,6
HPC3,HPC,128,48.0,10,4,1
HPC2,HPC,1,48.0,24,4,1
HPC2,HPC,128,12.0,8,2,6
HPC1,HPC,4,48.0,9,2,1
HPC2,HPC,256,48.0,3,5,1
HPC3,HPC,4,48.0,19,1,1
HPC1,HPC,32,5.0,18,5,1
HPC2,HPC,4,1.0,24,3,1
HPC3,HPC,1,48.0,5,3,1
HPC2,HPC,1,48.0,22,4,1
HPC2,HPC,64,10.0,13,5,1
HPC2,HPC,8,48.0,5,1,6
HPC1,HPC,16,48.0,24,1,12
HPC3,HPC,64,10.0,6,2,1
HPC1,HPC,16,48.0,1,4,12
HPC3,HPC,2,48.0,4,1,1
HPC2,HPC,128,48.0,13,4,42
HPC1,HPC,1,10.0,15,3,1
HPC1,HPC,1,48.0,9,5,1
HPC1,HPC,1,48.0,22,3,6
HPC3,HPC,16,10.0,14,3,1
HPC3,HPC,256,5.0,7,4,1
HPC1,HPC,1,48.0,24,1,1
HPC2,HPC,16,48.0,4,5,1
HPC1,QC1,1,48.0,7,3,1
HPC3,QC1,1,10.0,24,2,1
HPC2,HPC,4,10.0,17,1,1
HPC3,HPC,64,10.0,5,1,1
HPC3,HPC,1,48.0,17,4,1
HPC3,HPC,16,48.0,20,3,1
HPC1,HPC,4,10.0,20,5,1
HPC2,HPC,1,48.0,15,1,1
HPC2,HPC,64,48.0,10,4,1
HPC1,HPC,16,48.0,12,3,1
HPC2,HPC,1,24.0,24,5,12
HPC2,HPC,1,48.0,16,1,1
HPC2,HPC,128,48.0,18,5,1
HPC2,HPC,1,48.0,22,4,1
HPC3,HPC,32,10.0,13,3,1
HPC1,HPC,16,10.0,19,2,1
HPC2,HPC,2,48.0,18,2,1
HPC2,QC1,64,48.0,6,2,1
HPC1,HPC,4,48.0,16,2,1
HPC3,HPC,1,48.0,18,1,1
HPC1,HPC,16,5.0,5,2,1
HPC1,QC1,1,48.0,3,3,1
HPC1,HPC,1,2.0,23,4,1
HPC1,HPC,1,48.0,12,5,6
HPC1,HPC,1,2.0,6,4,1
HPC3,HPC,16,48.0,7,1,1
HPC3,HPC,8,10.0,0,3,1
HPC3,HPC,16,48.0,2,1,1
HPC2,HPC,4,5.0,16,4,1
HPC2,HPC,4,10.0,7,4,1
HPC3,HPC,1,48.0,6,4,1
HPC1,HPC,16,5.0,3,3,1
HPC1,HPC,32,48.0,15,1,6
HPC2,HPC,4,48.0,17,1,1
HPC3,HPC,64,48.0,2,4,1
HPC3,HPC,128,5.0,14,2,1
HPC3,HPC,1,48.0,11,5,1
HPC2,HPC,1,5.0,1,5,1
HPC3,HPC,1,1.0,12,3,1
HPC2,QC2,4,48.0,0,2,1
HPC3,HPC,2,2.0,1,1,1
HPC3,QC1,4,5.0,16,1,1
HPC1,HPC,64,48.0,15,5,1
HPC2,HPC,1,48.0,24,3,1
HPC3,HPC,1,48.0,2,2,1
HPC2,HPC,8,48.0,0,3,1
HPC1,HPC,1,5.0,16,4,1
HPC3,HPC,1,5.0,23,1,1
HPC2,HPC,1,10.0,10,3,1
HPC2,QC1,16,48.0,8,5,1
HPC1,HPC,4,48.0,23,5,1
HPC2,HPC,1,5.0,17,2,1
HPC1,HPC,128,48.0,14,1,1
HPC2,HPC,8,10.0,11,2,1
HPC3,HPC,1,5.0,20,5,1
HPC2,HPC,1,5.0,3,5,1
HPC2,HPC,4,48.0,17,1,1
HPC3,HPC,128,48.0,4,4,1
HPC1,HPC,8,48.0,2,1,1
HPC1,HPC,4,48.0,21,5,1
HPC1,HPC,1,10.0,3,3,1
HPC1,QC2,1,10.0,21,4,1
HPC2,HPC,16,5.0,9,3,1
HPC2,HPC,1,48.0,13,4,1
HPC2,QC1,32,10.0,0,3,1
HPC2,HPC,1,10.0,4,1,1
HPC1,HPC,8,48.0,1,1,1
HPC2,HPC,4,48.0,3,1,12
HPC2,HPC,2,48.0,20,4,1
HPC1,HPC,2,10.0,14,1,1
HPC3,HPC,1,10.0,16,5,1
HPC1,HPC,256,48.0,13,5,1
HPC1,HPC,1,48.0,23,4,1
HPC3,HPC,1,48.0,16,5,42
HPC1,HPC,64,48.0,7,3,1
HPC1,HPC,4,5.0,17,4,1
HPC2,HPC,16,10.0,21,2,1
HPC1,QC2,1,10.0,16,4,1
HPC2,HPC,8,48.0,0,3,1
HPC1,HPC,16,2.0,1,2,1
HPC2,HPC,1,48.0,17,3,1
HPC1,HPC,256,48.0,2,5,6
HPC1,HPC,128,48.0,11,1,6
HPC2,HPC,8,2.0,10,3,1
HPC3,HPC,16,48.0,15,2,1
HPC3,HPC,1,10.0,17,5,1
HPC2,HPC,64,10.0,2,5,1
HPC2,HPC,1,2.0,23,3,1
HPC3,HPC,1,48.0,4,3,1
HPC3,HPC,1,2.0,19,4,1
HPC1,HPC,16,10.0,17,5,1
HPC3,HPC,16,10.0,4,1,1
HPC2,HPC,1,48.0,4,4,12
HPC2,HPC,128,5.0,13,5,1
HPC3,QC1,1,48.0,9,1,6
HPC3,HPC,1,48.0,23,2,1
HPC2,HPC,4,48.0,8,2,6
HPC1,HPC,32,48.0,21,4,1
HPC1,HPC,1,48.0,14,4,1
HPC3,HPC,2,48.0,14,2,1
HPC2,QC2,4,5.0,15,5,1
HPC1,HPC,1,10.0,5,5,1
HPC3,QC1,1,48.0,8,5,1
HPC3,HPC,4,48.0,24,3,1
HPC3,HPC,16,10.0,22,2,1
HPC1,HPC,1,48.0,14,1,1
HPC2,HPC,2,48.0,10,5,1
HPC1,HPC,1,48.0,6,3,1
HPC2,HPC,1,48.0,2,3,18
HPC1,HPC,1,10.0,12,4,1
HPC3,HPC,16,5.0,5,5,1
HPC1,HPC,4,48.0,3,1,1
HPC2,HPC,32,10.0,17,2,1
HPC3,HPC,8,10.0,18,2,1
HPC3,HPC,1,5.0,10,2,1
HPC3,QC2,2,5.0,21,5,1
HPC1,HPC,128,5.0,20,1,1
HPC2,HPC,1,2.0,22,2,1
HPC3,HPC,1,48.0,20,4,1
HPC3,HPC,1,5.0,10,4,1
HPC2,HPC,16,10.0,24,1,1
HPC3,HPC,256,48.0,1,1,6
HPC1,QC2,128,48.0,23,5,1
HPC1,HPC,64,5.0,22,3,1
HPC3,HPC,16,10.0,4,3,1
HPC2,HPC,1,2.0,5,2,1
HPC2,HPC,32,5.0,17,5,1
HPC3,QC2,4,48.0,23,5,1
HPC3,HPC,1,10.0,8,1,1
HPC3,HPC,1,5.0,13,5,1
HPC1,HPC,8,48.0,17,1,1
HPC3,HPC,1,10.0,3,5,1
HPC3,HPC,1,10.0,5,1,1
HPC1,HPC,32,10.0,1,4,1
HPC2,HPC,32,1.5,21,2,1
HPC1,HPC,64,10.0,12,3,1
HPC2,HPC,1,5.0,15,5,1
HPC1,HPC,1,48.0,2,4,1
HPC1,HPC,1,10.0,13,1,1
HPC3,HPC,1,48.0,9,2,6
HPC2,HPC,16,5.0,1,5,1
HPC3,HPC,16,48.0,0,5,48
HPC3,HPC,4,10.0,6,4,1
HPC2,HPC,1,48.0,23,1,1
HPC3,HPC,1,48.0,3,4,1
HPC3,HPC,128,10.0,21,4,1
HPC2,HPC,1,5.0,20,5,1
HPC2,HPC,4,48.0,16,2,1
HPC1,HPC,16,48.0,23,2,1
HPC3,HPC,128,10.0,7,2,1
HPC3,HPC,16,5.0,9,3,1
HPC1,QC1,8,5.0,12,5,1
HPC2,HPC,1,48.0,8,5,1
HPC1,HPC,1,48.0,15,2,24
HPC2,QC1,1,48.0,14,1,1
HPC3,HPC,2,5.0,3,4,1
HPC1,HPC,16,2.0,14,1,1
HPC3,HPC,4,10.0,15,1,1
HPC2,HPC,32,5.0,18,1,1
HPC1,HPC,16,48.0,10,4,6
HPC2,HPC,16,1.5,7,1,1
HPC1,QC1,4,10.0,7,5,1
HPC1,HPC,1,48.0,20,3,1
HPC1,HPC,1,48.0,2,3,24
HPC1,HPC,64,48.0,23,3,6
HPC3,HPC,1,48.0,16,3,1
HPC2,HPC,16,10.0,21,4,1
HPC3,HPC,4,5.0,16,5,1
HPC1,QC1,1,2.0,16,3,1
HPC3,HPC,16,48.0,7,2,1
HPC1,HPC,1,48.0,7,1,1
HPC2,HPC,16,10.0,4,1,1
HPC3,HPC,8,48.0,15,3,1
HPC3,HPC,1,10.0,1,2,1
HPC2,HPC,256,30.0,0,5,6
HPC3,HPC,128,48.0,24,1,1
HPC1,HPC,1,2.0,1,2,1
HPC2,HPC,2,48.0,6,1,1
HPC2,HPC,1,48.0,21,2,1
HPC2,HPC,1,5.0,15,2,1
HPC3,QC2,16,48.0,8,1,1
HPC2,QC1,128,30.0,1,3,6
HPC1,HPC,64,48.0,23,2,1
HPC1,HPC,16,10.0,14,3,1
HPC2,HPC,4,48.0,8,2,6
HPC3,HPC,16,48.0,10,4,1
HPC3,HPC,1,48.0,5,2,1
HPC3,HPC,4,5.0,24,4,1
HPC1,HPC,1,2.0,11,4,1
HPC1,QC2,1,10.0,21,3,1
HPC2,HPC,32,10.0,7,1,1
HPC1,HPC,1,48.0,12,3,1
HPC3,HPC,1,48.0,17,1,1
HPC3,HPC,2,48.0,19,4,1
HPC3,HPC,1,48.0,0,1,1
HPC1,HPC,8,48.0,5,1,1
HPC3,HPC,128,48.0,4,3,1
HPC1,HPC,1,10.0,23,1,1
HPC2,HPC,4,10.0,19,5,1
HPC3,HPC,1,48.0,2,5,1
HPC2,QC2,2,10.0,20,1,1
HPC3,HPC,16,48.0,12,2,1
HPC1,HPC,1,5.0,16,3,1
HPC1,HPC,2,2.0,3,2,1
HPC2,HPC,1,48.0,24,2,1
HPC2,HPC,1,10.0,7,5,1
HPC1,HPC,32,48.0,23,1,1
HPC3,HPC,64,5.0,22,4,1
HPC3,HPC,8,48.0,21,2,12
HPC3,HPC,16,1.0,24,1,1
HPC1,HPC,1,48.0,16,1,6
HPC2,HPC,1,48.0,6,2,1
HPC1,HPC,1,5.0,1,3,1
HPC2,HPC,1,48.0,20,5,1
HPC3,HPC,1,48.0,16,4,1
HPC1,HPC,16,48.0,10,4,1
HPC1,HPC,1,5.0,8,4,1
HPC1,HPC,32,5.0,6,1,1
HPC1,HPC,1,48.0,19,3,1
HPC2,HPC,1,48.0,20,5,1
HPC3,HPC,16,48.0,14,4,30
HPC3,HPC,1,48.0,20,1,1
HPC2,HPC,1,48.0,6,1,1
HPC2,HPC,16,10.0,23,5,1
HPC2,HPC,4,10.0,13,5,1
HPC2,HPC,1,5.0,20,1,1
HPC1,HPC,8,48.0,18,3,1
HPC1,HPC,1,48.0,7,1,6
HPC1,HPC,4,48.0,24,2,1
HPC3,HPC,128,48.0,8,5,1
HPC1,HPC,1,48.0,16,5,1
HPC1,HPC,1,5.0,21,2,1
HPC3,HPC,16,48.0,23,3,12
HPC2,HPC,1,10.0,20,1,1
HPC1,HPC,1,48.0,11,3,1
HPC3,HPC,8,48.0,14,2,1
HPC2,HPC,2,5.0,21,2,1
HPC2,HPC,1,5.0,15,4,1
HPC2,QC1,1,48.0,17,3,1
HPC2,HPC,1,10.0,6,1,1
HPC2,HPC,16,48.0,14,5,1
HPC1,HPC,1,48.0,1,1,6
HPC2,HPC,16,30.0,9,3,6
HPC2,HPC,4,5.0,15,1,1
HPC2,HPC,1,48.0,12,1,1
HPC2,HPC,8,5.0,12,2,1
HPC3,HPC,4,10.0,2,4,1
HPC3,HPC,1,48.0,24,1,1
HPC1,HPC,4,1.0,16,3,1
HPC2,HPC,1,5.0,1,4,1
HPC1,QC2,1,48.0,0,5,1
HPC2,QC2,1,5.0,13,2,1
HPC2,HPC,1,48.0,19,3,6
HPC1,HPC,1,48.0,2,4,1
HPC3,HPC,16,48.0,2,1,1
HPC1,HPC,1,48.0,9,2,1
HPC2,HPC,64,48.0,21,5,1
HPC1,HPC,1,10.0,8,4,1
HPC3,HPC,128,1.0,14,2,1
HPC2,HPC,64,10.0,21,3,1
HPC2,HPC,32,2.0,5,3,1
HPC1,HPC,1,10.0,22,1,1
HPC1,HPC,1,5.0,13,5,1
HPC2,HPC,16,10.0,16,5,1
HPC2,HPC,1,48.0,16,2,1
HPC2,HPC,16,10.0,21,1,1
HPC1,HPC,1,30.0,4,1,6
HPC2,HPC,4,48.0,14,2,1
HPC1,HPC,16,2.0,9,2,1
HPC2,HPC,1,48.0,8,4,1
HPC3,HPC,1,48.0,19,1,6
HPC1,QC1,128,1.0,19,4,1
HPC3,HPC,16,48.0,10,4,1
HPC2,HPC,1,10.0,24,2,1
HPC1,HPC,4,48.0,13,1,1
HPC2,HPC,1,10.0,18,2,1
HPC3,HPC,1,10.0,9,4,1
HPC2,HPC,4,48.0,4,2,1
HPC3,HPC,2,12.0,6,1,6
HPC3,HPC,32,10.0,18,5,1
HPC3,HPC,1,48.0,10,4,1
HPC2,HPC,8,2.0,23,3,1
HPC2,HPC,32,10.0,17,1,1
HPC2,HPC,32,10.0,24,3,1
HPC1,HPC,1,10.0,14,5,1
HPC3,QC2,1,5.0,2,2,1
HPC1,HPC,4,48.0,5,2,1
HPC1,HPC,256,48.0,4,4,1
HPC1,HPC,16,48.0,1,2,1
HPC3,HPC,1,48.0,15,3,1
HPC2,HPC,1,48.0,6,4,1
HPC3,HPC,16,48.0,7,2,1
HPC3,HPC,1,48.0,24,3,1
HPC2,HPC,8,48.0,15,1,6
HPC1,HPC,1,48.0,5,4,1
HPC2,HPC,1,48.0,16,3,1
HPC1,HPC,64,10.0,11,5,1
HPC2,HPC,1,48.0,8,3,1
HPC2,HPC,8,48.0,8,4,1
HPC3,HPC,256,10.0,6,1,1
HPC1,HPC,1,5.0,13,4,1
HPC1,HPC,256,10.0,17,1,1
HPC2,QC2,16,48.0,4,2,1
HPC2,HPC,16,5.0,20,4,1
HPC1,HPC,1,48.0,0,1,1
HPC2,HPC,64,1.5,7,1,1
HPC1,HPC,256,5.0,23,5,1
HPC1,HPC,16,48.0,1,1,1
HPC3,QC2,16,48.0,18,5,1
HPC2,HPC,16,10.0,9,2,1
HPC1,HPC,32,10.0,15,2,1
HPC2,HPC,1,10.0,6,4,1
HPC1,HPC,16,48.0,16,2,1
HPC3,HPC,4,12.0,14,2,6
HPC1,HPC,8,48.0,5,4,6
HPC3,HPC,256,48.0,17,3,1
HPC3,HPC,2,48.0,6,3,1
HPC3,HPC,1,48.0,11,2,1
HPC1,HPC,8,10.0,20,3,1
HPC1,HPC,64,10.0,12,5,1
HPC3,HPC,64,48.0,23,1,1
HPC1,HPC,8,10.0,7,5,1
HPC3,HPC,1,48.0,20,1,1
HPC3,HPC,2,10.0,0,2,1
HPC3,HPC,32,10.0,7,2,1
HPC1,HPC,4,10.0,2,3,1
HPC3,HPC,1,48.0,16,4,1
HPC3,HPC,32,48.0,19,5,1
HPC1,HPC,128,48.0,2,1,6
HPC1,HPC,1,48.0,6,5,12
HPC1,HPC,2,5.0,18,2,1
HPC3,HPC,2,48.0,3,3,1
HPC1,QC1,8,48.0,10,5,1
HPC2,HPC,16,30.0,22,5,6
HPC1,HPC,16,48.0,24,3,1
HPC3,HPC,8,10.0,17,5,1
HPC2,HPC,64,48.0,3,5,1
HPC1,HPC,1,10.0,8,1,1
HPC1,HPC,1,48.0,10,5,1
HPC3,HPC,1,1.0,14,3,1
HPC1,HPC,8,2.0,5,4,1
HPC3,HPC,4,10.0,19,4,1
HPC2,HPC,4,48.0,17,2,1
HPC3,HPC,8,1.5,12,3,1
HPC2,HPC,2,2.0,20,4,1
HPC2,HPC,1,48.0,14,3,1
HPC1,HPC,32,48.0,12,5,1
HPC1,HPC,1,2.0,13,5,1
HPC2,HPC,16,48.0,20,5,1
HPC1,HPC,16,48.0,2,5,1
HPC2,HPC,16,48.0,2,5,12
HPC3,HPC,2,10.0,11,2,1
HPC3,HPC,1,5.0,11,5,1
HPC1,HPC,1,10.0,21,1,1
HPC2,HPC,1,48.0,1,3,1
HPC2,HPC,1,48.0,12,2,1
HPC2,HPC,64,48.0,1,5,1
HPC3,QC1,8,30.0,9,3,6
HPC3,HPC,1,48.0,20,3,1
HPC3,HPC,4,10.0,22,3,1
HPC1,HPC,8,48.0,6,5,1
HPC2,HPC,16,5.0,19,5,1
HPC3,HPC,16,10.0,14,2,1
HPC2,HPC,4,48.0,5,2,12
HPC3,QC1,1,48.0,3,5,1
HPC1,HPC,1,2.0,23,2,1
HPC2,QC2,1,10.0,22,5,1
HPC1,HPC,32,6.0,11,1,6
HPC3,HPC,1,48.0,2,4,6
HPC2,HPC,128,48.0,7,4,1
HPC3,HPC,256,48.0,16,5,6
HPC1,HPC,128,48.0,17,2,1
HPC1,HPC,8,2.0,0,2,1
HPC1,QC1,1,10.0,6,2,1
HPC2,HPC,16,5.0,14,3,1
HPC2,HPC,8,5.0,11,3,1
HPC2,HPC,256,1.0,10,3,1
HPC1,HPC,1,48.0,5,1,6
HPC3,HPC,8,1.5,0,3,1
HPC2,HPC,1,1.0,19,1,1
HPC3,HPC,1,5.0,16,5,1
HPC2,HPC,32,48.0,5,4,1
HPC3,HPC,1,10.0,16,3,1
HPC3,QC2,8,48.0,9,5,6
HPC3,HPC,1,10.0,1,1,1
HPC3,HPC,1,2.0,0,2,1
HPC1,HPC,1,48.0,8,1,1
HPC1,HPC,1,48.0,4,4,1
HPC1,HPC,64,1.0,20,2,1
HPC3,HPC,32,48.0,4,5,1
HPC2,HPC,256,5.0,15,5,1
HPC1,HPC,1,48.0,7,1,1
HPC3,HPC,1,48.0,7,2,1
HPC1,HPC,4,48.0,16,3,1
HPC2,HPC,1,5.0,18,2,1
HPC1,HPC,128,48.0,7,4,1
HPC3,HPC,256,5.0,10,3,1
HPC1,HPC,2,48.0,20,2,1
HPC3,QC2,16,48.0,16,3,1
HPC2,HPC,16,48.0,22,5,1
HPC2,QC1,1,48.0,12,2,1
HPC3,HPC,8,48.0,18,1,1
HPC3,HPC,1,10.0,18,2,1
HPC1,HPC,128,2.0,3,1,1
HPC1,HPC,1,48.0,10,5,1
HPC1,HPC,8,5.0,15,3,1
HPC3,HPC,1,48.0,19,2,1
HPC3,HPC,16,5.0,14,3,1
HPC3,HPC,16,48.0,21,1,1
HPC2,HPC,256,48.0,7,3,1
HPC2,HPC,4,48.0,5,4,12
HPC3,QC2,1,2.0,5,3,1
HPC1,HPC,8,48.0,10,4,1
HPC3,HPC,2,10.0,9,5,1
HPC1,HPC,4,48.0,10,4,6
HPC1,HPC,1,10.0,13,4,1
HPC2,HPC,1,5.0,4,4,1
HPC1,HPC,16,5.0,2,2,1
HPC3,HPC,32,10.0,10,2,1
HPC2,HPC,1,1.5,11,2,1
HPC2,HPC,2,5.0,17,1,1
HPC2,QC1,8,48.0,17,3,1
HPC3,HPC,2,1.0,15,2,1
HPC1,HPC,4,5.0,9,4,1
HPC1,HPC,16,5.0,15,4,1
HPC1,HPC,1,48.0,10,2,1
HPC1,HPC,8,10.0,9,2,1
HPC2,HPC,1,10.0,16,4,1
HPC3,HPC,1,48.0,16,5,12
HPC1,HPC,1,48.0,3,1,1
HPC3,HPC,1,5.0,13,2,1
HPC3,HPC,16,10.0,20,1,1
HPC2,HPC,16,5.0,7,5,1
HPC1,HPC,8,10.0,11,2,1
HPC2,HPC,16,2.0,5,5,1
HPC3,HPC,4,5.0,8,5,1
HPC3,HPC,1,48.0,21,3,1
HPC1,HPC,1,48.0,16,1,1
HPC2,HPC,16,5.0,8,3,1
HPC1,HPC,8,48.0,11,3,1
HPC1,HPC,1,10.0,1,3,1
HPC2,HPC,1,5.0,13,3,1
HPC1,HPC,1,48.0,15,2,1
HPC2,HPC,1,10.0,8,2,1
HPC2,QC1,1,48.0,11,3,36
HPC1,HPC,16,48.0,11,3,12
HPC2,HPC,1,1.5,3,2,1
HPC3,HPC,1,48.0,23,3,1
HPC3,HPC,8,48.0,12,5,1
HPC1,HPC,16,10.0,22,5,1
HPC3,HPC,128,48.0,2,5,1
HPC3,HPC,1,48.0,1,3,1
HPC3,HPC,1,10.0,4,2,1
HPC1,HPC,8,1.5,1,3,1
HPC2,HPC,4,1.5,13,2,1
HPC3,HPC,16,10.0,19,5,1
HPC2,HPC,32,5.0,21,3,1
HPC1,HPC,1,10.0,17,5,1
HPC1,HPC,8,48.0,14,5,1
HPC3,HPC,16,48.0,22,5,1
HPC2,HPC,8,48.0,7,2,1
HPC2,HPC,64,2.0,11,3,1
HPC1,HPC,8,5.0,9,3,1
HPC3,HPC,16,1.5,1,5,1
HPC2,HPC,8,48.0,20,1,1
HPC2,QC2,2,5.0,1,4,1
HPC3,HPC,4,5.0,7,4,1
HPC2,HPC,1,48.0,9,4,1
HPC1,HPC,1,2.0,13,5,1
HPC1,HPC,2,10.0,18,4,1
HPC1,HPC,1,10.0,4,5,1
HPC3,HPC,4,5.0,15,1,1
HPC1,HPC,1,48.0,13,5,1
HPC1,HPC,1,10.0,9,2,1
HPC2,HPC,1,10.0,23,1,1
HPC1,QC1,1,48.0,1,2,1
HPC2,HPC,1,5.0,11,1,1
HPC3,HPC,1,1.0,12,5,1
HPC1,QC2,1,48.0,1,2,1
HPC3,HPC,1,5.0,11,4,1
HPC1,HPC,16,10.0,9,1,1
HPC1,HPC,256,30.0,13,2,6
HPC1,HPC,8,10.0,1,4,1
HPC2,HPC,1,1.5,17,1,1
HPC1,HPC,1,1.5,22,1,1
HPC3,HPC,16,48.0,4,3,1
HPC2,HPC,64,48.0,15,5,1
HPC2,HPC,1,48.0,6,4,1
HPC2,QC1,1,48.0,20,3,1
HPC3,HPC,16,48.0,15,3,1
HPC3,HPC,1,48.0,5,5,1
HPC1,HPC,8,10.0,2,1,1
HPC1,HPC,2,10.0,10,1,1
HPC3,HPC,2,48.0,14,4,1
HPC1,HPC,4,10.0,10,4,1
HPC3,HPC,1,10.0,5,5,1
HPC3,HPC,8,48.0,19,4,1
HPC3,QC1,16,5.0,21,2,1
HPC1,HPC,1,5.0,3,3,1
HPC3,HPC,16,5.0,22,1,1
HPC2,HPC,2,5.0,14,1,1
HPC2,HPC,1,5.0,14,5,1
HPC3,HPC,16,5.0,6,5,1
HPC2,HPC,1,48.0,2,2,1
HPC2,HPC,4,1.5,2,1,1
HPC1,HPC,1,48.0,1,1,48
HPC2,HPC,1,48.0,11,5,1
HPC2,HPC,32,10.0,1,3,1
HPC2,HPC,1,10.0,5,5,1
HPC3,HPC,1,48.0,16,4,6
HPC2,HPC,1,48.0,23,5,6
HPC3,HPC,16,48.0,13,1,1
HPC3,HPC,1,5.0,6,2,1
HPC3,HPC,128,5.0,21,1,1
HPC3,HPC,4,2.0,6,3,1
HPC2,HPC,64,48.0,0,2,48
HPC3,HPC,2,48.0,6,4,1
HPC1,HPC,8,10.0,11,5,1
HPC1,HPC,1,5.0,20,3,1
HPC2,HPC,128,48.0,20,4,42
HPC2,QC2,8,1.5,10,3,1
HPC3,QC2,128,1.5,0,3,1
HPC2,HPC,256,48.0,16,3,1
HPC3,HPC,1,5.0,22,3,1
HPC3,HPC,1,30.0,1,4,6
HPC2,HPC,32,1.5,22,2,1
HPC3,HPC,1,10.0,6,1,1
HPC2,HPC,1,48.0,14,3,1
HPC2,HPC,8,48.0,6,1,1
HPC3,HPC,1,10.0,16,1,1
HPC2,HPC,1,48.0,6,2,1
HPC3,HPC,16,10.0,7,3,1
HPC2,HPC,1,48.0,4,5,1
HPC3,HPC,4,48.0,24,1,6
HPC1,HPC,1,10.0,11,4,1
HPC1,QC1,1,48.0,0,1,1
HPC2,HPC,64,5.0,22,3,1
HPC2,HPC,128,1.0,21,3,1
HPC1,HPC,1,1.0,20,5,1
HPC1,HPC,32,48.0,13,3,6
HPC1,HPC,1,10.0,4,1,1
HPC1,HPC,64,48.0,21,2,1
HPC3,HPC,4,48.0,8,1,1
HPC3,HPC,1,5.0,12,2,1
HPC2,HPC,1,48.0,14,3,12
HPC2,HPC,1,2.0,24,4,1
HPC3,HPC,2,2.0,24,5,1
HPC3,HPC,1,30.0,14,3,6
HPC3,HPC,1,5.0,16,3,1
HPC2,HPC,2,5.0,13,3,1
HPC1,HPC,1,10.0,18,2,1
HPC2,HPC,1,5.0,12,5,1
HPC2,HPC,1,5.0,21,3,1
HPC1,HPC,1,6.0,5,1,6
HPC2,HPC,1,1.5,3,4,1
HPC3,HPC,1,48.0,21,5,1
HPC1,HPC,1,48.0,13,2,1
HPC1,HPC,1,10.0,3,1,1
HPC3,HPC,2,48.0,7,5,1
HPC2,HPC,2,24.0,14,4,12
HPC2,HPC,1,5.0,8,3,1
HPC2,QC1,1,5.0,13,2,1
HPC2,HPC,8,2.0,11,4,1
HPC3,HPC,8,48.0,3,5,1
HPC2,HPC,1,10.0,24,1,1
HPC1,HPC,1,48.0,22,3,1
HPC3,HPC,1,48.0,5,3,1
HPC2,HPC,16,30.0,8,3,6
HPC1,HPC,1,10.0,0,4,1
HPC2,HPC,1,48.0,0,1,1
HPC1,HPC,1,5.0,16,1,1
HPC3,HPC,1,48.0,24,5,1
HPC2,HPC,1,5.0,19,5,1
HPC2,HPC,1,5.0,20,2,1
HPC2,HPC,32,48.0,6,4,6
HPC1,HPC,1,5.0,0,5,1
HPC2,HPC,256,48.0,16,4,48
HPC1,HPC,4,5.0,10,5,1
HPC1,QC1,64,48.0,4,5,1
HPC2,HPC,4,5.0,20,4,1
HPC3,HPC,64,48.0,8,2,1
HPC3,HPC,1,5.0,14,5,1
HPC1,HPC,1,10.0,12,1,1
HPC1,HPC,4,48.0,1,4,12
HPC3,HPC,32,5.0,20,3,1
HPC3,HPC,1,5.0,17,5,1
HPC3,HPC,1,48.0,21,4,1
HPC3,QC1,2,48.0,5,5,1
HPC1,HPC,256,48.0,14,2,1
HPC1,HPC,16,10.0,8,2,1
HPC2,HPC,1,10.0,17,5,1
HPC1,HPC,8,5.0,22,1,1
HPC1,HPC,4,48.0,20,5,48
HPC3,HPC,1,5.0,13,5,1
HPC3,HPC,4,48.0,17,3,1
HPC3,HPC,1,48.0,13,2,1
HPC3,HPC,1,48.0,9,2,1
HPC3,QC1,8,48.0,6,2,1
HPC3,HPC,1,10.0,23,2,1
HPC2,QC1,1,48.0,18,1,1
HPC2,HPC,8,10.0,23,1,1
HPC2,QC2,4,48.0,1,1,1
HPC2,HPC,8,30.0,6,5,6
HPC1,HPC,1,10.0,15,3,1
HPC1,HPC,1,5.0,9,3,1
HPC2,HPC,8,5.0,6,3,1
HPC2,HPC,1,10.0,16,4,1
HPC3,QC1,1,2.0,18,1,1
HPC1,HPC,1,5.0,1,5,1
HPC2,HPC,16,10.0,11,5,1
HPC2,HPC,4,48.0,11,5,1
HPC3,HPC,16,9.0,18,1,6
HPC2,HPC,16,10.0,2,2,1
HPC3,HPC,32,48.0,4,1,1
HPC3,HPC,64,48.0,6,1,6
HPC2,HPC,1,48.0,20,1,1
HPC3,HPC,1,48.0,14,5,1
HPC3,HPC,1,5.0,20,4,1
HPC3,HPC,4,10.0,10,4,1
HPC2,HPC,1,48.0,23,2,1
HPC3,HPC,16,10.0,7,2,1
HPC2,HPC,64,5.0,17,5,1
HPC2,HPC,4,48.0,16,2,1
HPC2,HPC,4,48.0,1,3,1
HPC2,HPC,1,48.0,5,1,1
HPC1,HPC,1,48.0,23,3,1
HPC1,HPC,4,5.0,16,4,1
HPC2,HPC,1,10.0,6,4,1
HPC1,HPC,128,48.0,2,2,6
HPC1,HPC,1,10.0,9,2,1
HPC3,HPC,1,48.0,6,1,1
HPC1,HPC,1,30.0,17,1,6
HPC1,HPC,16,48.0,21,5,6
HPC2,QC1,1,10.0,2,4,1
HPC2,HPC,8,10.0,13,3,1
HPC3,HPC,1,48.0,10,1,1
HPC2,HPC,1,5.0,0,4,1
HPC1,HPC,8,48.0,0,3,12
HPC2,HPC,1,10.0,9,4,1
HPC3,HPC,8,5.0,22,1,1
HPC1,HPC,128,5.0,12,5,1
HPC2,QC1,128,48.0,18,2,1
HPC1,HPC,128,10.0,2,2,1
HPC3,HPC,16,48.0,11,2,6
HPC2,HPC,16,5.0,13,3,1
HPC3,HPC,8,48.0,1,1,1
HPC3,HPC,1,48.0,6,5,24
HPC2,HPC,1,48.0,6,2,1
HPC3,HPC,16,48.0,8,3,6
HPC3,HPC,1,10.0,9,1,1
HPC1,HPC,1,48.0,3,1,18
HPC1,HPC,64,5.0,4,4,1
HPC1,HPC,8,48.0,3,4,1
HPC3,HPC,8,10.0,12,5,1
HPC2,HPC,64,10.0,11,5,1
HPC1,QC2,1,48.0,24,1,1
HPC3,HPC,4,5.0,1,4,1
HPC2,HPC,1,5.0,21,4,1
HPC3,HPC,16,48.0,13,1,6
HPC1,HPC,1,10.0,7,1,1
HPC2,HPC,16,48.0,21,2,1
HPC3,HPC,1,48.0,11,1,1
HPC3,HPC,2,5.0,5,1,1
HPC2,HPC,4,24.0,20,2,12
HPC3,QC1,64,5.0,9,2,1
HPC3,QC1,1,10.0,20,5,1
HPC2,HPC,1,48.0,8,3,12
HPC3,HPC,1,5.0,24,5,1
HPC2,HPC,4,48.0,0,5,1
HPC3,HPC,64,48.0,10,3,6
HPC1,HPC,2,5.0,5,3,1
HPC1,HPC,256,48.0,19,1,6
HPC3,HPC,4,10.0,24,5,1
HPC1,HPC,4,5.0,12,5,1
HPC2,HPC,16,48.0,22,1,12
HPC2,HPC,256,10.0,14,3,1
HPC1,HPC,1,5.0,5,4,1
HPC2,HPC,16,48.0,14,5,24
HPC2,HPC,1,48.0,19,5,1
HPC1,HPC,128,2.0,9,5,1
HPC1,QC2,4,48.0,9,4,12
HPC2,HPC,1,48.0,17,5,1
HPC3,QC2,1,10.0,7,4,1
HPC2,HPC,2,48.0,19,3,1
HPC1,HPC,1,48.0,11,2,1
HPC2,HPC,1,2.0,23,2,1
HPC2,HPC,1,10.0,12,3,1
HPC2,HPC,4,10.0,6,5,1
HPC2,HPC,16,10.0,24,2,1
HPC2,HPC,16,48.0,17,2,6
HPC1,QC2,2,10.0,13,1,1
HPC2,HPC,16,48.0,10,5,1
HPC1,HPC,16,5.0,12,5,1
HPC1,HPC,1,5.0,12,5,1
HPC2,HPC,4,48.0,3,2,6
HPC3,HPC,16,5.0,17,2,1
HPC2,HPC,1,48.0,18,1,1
HPC1,QC2,1,10.0,20,3,1
HPC3,HPC,1,5.0,11,3,1
HPC3,HPC,1,10.0,8,1,1
HPC3,HPC,4,48.0,11,3,1
HPC2,HPC,2,2.0,0,3,1
HPC1,HPC,16,48.0,12,2,18
HPC3,HPC,1,48.0,5,3,1
HPC3,HPC,1,9.0,9,1,6
HPC2,HPC,16,48.0,12,4,1
HPC3,HPC,64,48.0,14,4,30
HPC3,HPC,1,1.0,17,4,1
HPC1,HPC,64,2.0,9,4,1
HPC2,HPC,128,2.0,23,1,1
HPC2,HPC,1,1.5,9,4,1
HPC3,HPC,8,10.0,13,4,1
HPC1,HPC,8,10.0,13,5,1
HPC1,HPC,128,10.0,10,4,1
HPC2,HPC,1,48.0,14,5,1
HPC3,HPC,256,48.0,13,3,12
HPC1,HPC,2,10.0,6,2,1
HPC3,HPC,1,30.0,16,3,6
HPC2,HPC,16,10.0,1,5,1
HPC1,HPC,32,48.0,23,2,1
HPC3,HPC,1,48.0,10,4,6
HPC2,HPC,1,48.0,7,3,1
HPC3,HPC,16,48.0,22,5,6
HPC2,HPC,16,5.0,14,5,1
HPC3,HPC,1,48.0,3,1,12
HPC1,HPC,1,10.0,24,5,1
HPC3,HPC,2,10.0,23,2,1
HPC2,HPC,16,48.0,9,4,1
HPC1,HPC,1,10.0,0,5,1
HPC2,HPC,4,5.0,8,5,1
HPC2,HPC,1,48.0,3,5,1
HPC3,QC1,2,1.5,23,3,1
HPC2,HPC,4,10.0,15,1,1
HPC2,HPC,1,2.0,16,1,1
HPC1,HPC,1,5.0,21,4,1
HPC2,HPC,4,48.0,18,4,6
HPC3,HPC,1,2.0,7,2,1
HPC2,HPC,16,10.0,19,1,1
HPC3,HPC,16,10.0,14,5,1
HPC3,HPC,1,10.0,12,4,1
HPC2,QC1,16,5.0,20,1,1
HPC1,HPC,4,48.0,10,3,1
HPC3,HPC,256,5.0,14,3,1
HPC2,HPC,1,48.0,6,2,1
HPC3,HPC,64,48.0,3,1,1
HPC2,QC1,1,10.0,2,1,1
HPC1,HPC,8,10.0,18,5,1
HPC1,HPC,1,48.0,5,3,48
HPC3,HPC,8,2.0,10,1,1
HPC1,HPC,1,10.0,18,3,1
HPC1,HPC,16,10.0,15,3,1
HPC3,HPC,8,48.0,13,2,1
HPC1,HPC,1,48.0,3,5,1
HPC2,HPC,32,12.0,17,4,6
HPC3,HPC,1,48.0,12,4,1
HPC1,HPC,4,48.0,17,1,1
HPC1,HPC,16,48.0,24,1,6
HPC2,HPC,1,10.0,16,4,1
HPC2,HPC,1,10.0,1,4,1
HPC1,HPC,2,48.0,5,5,1
HPC3,HPC,1,10.0,4,3,1
HPC3,QC2,1,48.0,23,4,1
HPC1,HPC,32,2.0,11,3,1
HPC2,HPC,2,48.0,11,1,1
HPC3,HPC,8,10.0,6,2,1
HPC2,HPC,4,48.0,16,2,1
HPC1,QC2,256,10.0,11,5,1
HPC2,HPC,4,2.0,16,4,1
HPC2,HPC,2,10.0,3,2,1
HPC1,HPC,32,10.0,17,4,1
HPC3,HPC,8,30.0,11,4,6
HPC1,HPC,64,48.0,4,1,1
HPC1,HPC,1,2.0,23,1,1
HPC3,HPC,1,10.0,10,2,1
HPC3,HPC,32,10.0,13,3,1
HPC2,HPC,1,5.0,22,4,1
HPC3,HPC,16,10.0,19,1,1
HPC1,QC1,1,48.0,0,1,1
HPC2,HPC,1,48.0,15,5,1
HPC3,QC2,256,30.0,15,1,6
HPC2,HPC,1,1.5,14,3,1
HPC1,QC2,8,5.0,6,3,1
HPC3,HPC,1,10.0,9,1,1
HPC3,HPC,1,10.0,19,3,1
HPC2,HPC,128,48.0,0,3,1
HPC3,HPC,8,2.0,0,4,1
HPC3,HPC,16,48.0,9,4,1
HPC2,HPC,16,48.0,5,1,1
HPC3,HPC,4,48.0,8,3,6
HPC1,HPC,16,48.0,21,2,1
HPC3,HPC,1,5.0,9,3,1
HPC1,HPC,64,10.0,4,1,1
HPC3,HPC,1,48.0,22,3,1
HPC2,HPC,1,48.0,9,4,1
HPC1,HPC,1,48.0,23,4,24
HPC3,HPC,1,10.0,8,3,1
HPC1,HPC,1,1.5,15,5,1
HPC2,HPC,1,48.0,3,4,6
HPC2,HPC,16,10.0,18,5,1
HPC1,HPC,1,5.0,17,5,1
HPC1,HPC,4,48.0,20,2,1
HPC3,HPC,2,30.0,12,1,6
HPC2,HPC,64,10.0,20,1,1
HPC2,HPC,1,10.0,0,2,1
HPC3,HPC,1,5.0,12,5,1
HPC3,HPC,2,2.0,14,1,1
HPC1,HPC,1,48.0,15,1,1
HPC3,HPC,8,5.0,6,5,1
HPC2,HPC,2,30.0,16,1,6
HPC2,HPC,1,5.0,2,4,1
HPC3,HPC,8,5.0,24,4,1
HPC3,HPC,1,10.0,21,3,1
HPC2,HPC,1,5.0,8,3,1
HPC2,HPC,4,5.0,8,3,1
